major minor  #blocks  name

   8        0  117220824 sda
   8        1     194560 sda1
   8        2     249856 sda2
   8        3  116774912 sda3
   8       16 2930266584 sdb
   8       17 2930265543 sdb1
   8       32 1953514584 sdc
   8       33 1953511008 sdc1
   8       48 1953514584 sdd
   8       49 1953512001 sdd1
   8       64  488386584 sde
   8       65  488386583 sde1
   8       80  488386584 sdf
   8       81    1048576 sdf1
   8       82    2097152 sdf2
   8       83  485239832 sdf3
   9        0 1953510872 md0
 252        0   30720000 dm-0
 252        1   10485760 dm-1
 252        2   15728640 dm-2
 252        3   10485760 dm-3
 252        4   13828096 dm-4
 252        5   10440704 dm-5
 252        6  136314880 dm-6
 252        7   19529728 dm-7
 252        8   62914560 dm-8
 252        9   37097472 dm-9
 252       10   16760832 dm-10
