version 15
timestamp 4515220828
cpu0 6850767 0 1688329382 836509741 834062888 577895791 53066728712234 3403749047312 844898384
domain0 00000000,00000000,00000000,00000000,00000000,00000000,00000000,00000011 15202712 14681347 510594 440846018 20800 18763 790 14680557 455197 454076 1096 1136075 25 0 1 454075 436158654 436004446 146465 131731779 8124 758 617 436003829 10011 58 9953 0 0 0 0 0 0 13813039 374599 0
domain1 00000000,00000000,00000000,00000000,00000000,00000000,00000000,000000ff 15146690 11357998 3757155 2721413754 96910 78306 56114 6120568 179653 179562 85 76913 8 1 4 5768 436150911 425811822 10069292 3321820107 272555 1176 132063 425679759 68012 2768 65244 0 0 0 0 0 0 242354023 100594671 0
cpu1 6767606 0 1743400353 864244708 881262320 607323994 53061021876523 2477885617004 872316678
domain0 00000000,00000000,00000000,00000000,00000000,00000000,00000000,00000022 10322449 10135733 185395 150448040 6267 5518 402 10135329 536899 534912 1958 1975895 31 0 0 534912 465107087 464887585 211946 197981265 7904 763 562 464887023 4974 52 4922 0 0 0 0 0 0 8542359 362330 0
domain1 00000000,00000000,00000000,00000000,00000000,00000000,00000000,000000ff 10310767 7977334 2319376 1711250614 42908 34258 19294 4803857 249693 249591 94 87382 10 0 12 8759 465099531 453216544 11643915 487967677 241984 923 149283 453067261 29933 1147 28786 0 0 0 0 0 0 265395967 108253646 0
cpu2 7149291 0 1784028392 884283934 858675015 606949896 53102412793492 2256259393172 892524585
domain0 00000000,00000000,00000000,00000000,00000000,00000000,00000000,00000044 7893088 7779941 112306 89556476 3937 3361 347 7779591 630093 627991 2069 2252247 36 0 2 627989 446312184 446095115 209311 196546416 8132 679 599 446094516 3095 33 3062 0 0 0 0 0 0 7571853 425187 0
domain1 00000000,00000000,00000000,00000000,00000000,00000000,00000000,000000ff 7903045 6138972 1757798 1299815051 19984 15963 10772 3917452 306534 306368 157 141965 14 0 10 11062 446304426 434688532 11346712 168378894 272032 645 139970 434548562 14112 431 13681 0 0 0 0 0 0 244153266 101753899 0
cpu3 6694563 0 1773682468 879022787 842049003 598943295 53390508426138 2090359237433 887891047
domain0 00000000,00000000,00000000,00000000,00000000,00000000,00000000,00000088 7864391 7773112 89364 70578242 4457 2765 301 7772810 621027 618760 2141 2475154 133 0 2 618758 439042307 438882121 153181 138744679 7288 398 630 438881491 2534 23 2511 0 0 0 0 0 0 7807553 338849 0
domain1 00000000,00000000,00000000,00000000,00000000,00000000,00000000,000000ff 7876861 6134368 1737403 1285000194 18813 15549 11910 3940872 301532 301315 196 179416 29 0 11 11808 439035302 427660096 11170477 4215071932 207196 625 88712 427571384 14217 527 13690 0 0 0 0 0 0 235298155 99104359 0
cpu4 1216188 0 320315219 158690845 167398608 115592270 9248126704731 678122352857 160400741
domain0 00000000,00000000,00000000,00000000,00000000,00000000,00000000,00000011 9645500 9166964 475937 430660178 28509 26617 4167 9162797 109393 107552 1686 1936971 161 7 0 107552 102871978 102279514 562636 520415281 31018 1936 1716 102277798 26120 245 25875 0 0 0 0 0 0 3207893 199012 0
domain1 00000000,00000000,00000000,00000000,00000000,00000000,00000000,000000ff 9589712 9488166 99950 91696186 1703 81 686 1698876 71065 71065 0 0 0 0 0 0 102842150 98729211 4020258 2927869813 94378 19 42377 98686834 85 15 70 0 0 0 0 0 0 48598445 21644358 0
cpu5 564853 0 256997597 127279462 152425655 101939766 8969367982356 936648834164 129146869
domain0 00000000,00000000,00000000,00000000,00000000,00000000,00000000,00000022 9401932 8764824 628571 591527511 40566 38444 8887 8755937 126165 124238 1778 2384626 157 9 0 124238 102907910 102371807 509901 467886725 27018 2066 1485 102370322 32641 634 32007 0 0 0 0 0 0 3284749 201333 0
domain1 00000000,00000000,00000000,00000000,00000000,00000000,00000000,000000ff 9344332 8970463 371314 350862054 3967 1514 2065 3179994 83979 83979 0 0 0 0 0 0 102881708 98587491 4199126 3087598155 96779 134 50411 98537080 1619 246 1373 0 0 0 0 0 0 47201140 20597739 0
cpu6 416547 0 230211971 113998018 136840540 90614463 8220600420722 681110169562 115790772
domain0 00000000,00000000,00000000,00000000,00000000,00000000,00000000,00000044 9553296 9073882 476332 435192940 23148 20730 2604 9071278 118041 116249 1650 2259165 148 7 4 116245 92542321 92042263 473894 432902220 27337 1986 1643 92040620 20338 289 20049 0 0 0 0 0 0 3080182 187170 0
domain1 00000000,00000000,00000000,00000000,00000000,00000000,00000000,000000ff 9504744 8923027 579512 540558336 6225 4648 2438 3824679 76428 76428 0 0 0 0 0 0 92516157 88364851 4063142 2987161244 89781 212 51298 88313553 4560 563 3997 0 0 0 0 0 0 43145895 19883263 0
cpu7 653860 0 205486483 101454668 120976263 76284124 7451415405558 522220610609 103368065
domain0 00000000,00000000,00000000,00000000,00000000,00000000,00000000,00000088 10558764 10183570 372360 338185523 18271 15874 2030 10181540 99350 97626 1604 2271779 123 6 1 97625 77664322 77199875 437961 394180257 27227 2003 1791 77198084 15511 95 15416 0 0 0 0 0 0 3275682 195909 0
domain1 00000000,00000000,00000000,00000000,00000000,00000000,00000000,000000ff 10517913 9927562 588961 535308904 4546 3532 2101 3690331 57282 57282 0 0 0 0 0 0 77637836 73775159 3789411 2776587008 75046 216 36516 73738643 3624 492 3132 0 0 0 0 0 0 41416457 18644914 0
