                    CPU0       CPU1       CPU2       CPU3       CPU4       CPU5       CPU6       CPU7       
          HI:          0          0          0          0          0          0          0          0
       TIMER:    3957200    3236623    3330494    3698965     953279    1620023    1323403    1439406
      NET_TX:      40243        124         95        260         22         28         24         31
      NET_RX:    3095648    3118565    2961442    4016332     147581     212188     162815     147681
       BLOCK:    2090997    1884493    2087608    3080993        190        160        149        206
BLOCK_IOPOLL:          0          0          0          0          0          0          0          0
     TASKLET:     249355     470658     250770     114838          0          0          0          0
       SCHED:    9551668    3611410    1917812    2017171     543233     778701     597227     533622
     HRTIMER:      30757      31506      30926      30466       6802       7546       7852       6421
         RCU:    4019348    3370581    3739839    4517982    1217666    1398824    1326333    1190271
